1.008645533141210443e-01 3.605551275463989125e+00 2.082000000000000000e+03
1.098430813124108424e-01 3.605551275463989125e+00 2.103000000000000000e+03
1.208633093525179891e-01 3.605551275463989125e+00 2.085000000000000000e+03
1.296296296296296224e-01 3.605551275463989125e+00 2.106000000000000000e+03
1.408045977011494199e-01 3.605551275463989125e+00 2.088000000000000000e+03
1.493598862019914764e-01 3.605551275463989125e+00 2.109000000000000000e+03
1.606886657101865012e-01 3.605551275463989125e+00 2.091000000000000000e+03
1.690340909090909116e-01 3.605551275463989125e+00 2.112000000000000000e+03
1.805157593123209170e-01 3.605551275463989125e+00 2.094000000000000000e+03
1.886524822695035408e-01 3.605551275463989125e+00 2.115000000000000000e+03
2.002861230329041620e-01 3.605551275463989125e+00 2.097000000000000000e+03
2.082152974504249410e-01 3.605551275463989125e+00 2.118000000000000000e+03
2.200000000000000011e-01 3.605551275463989125e+00 2.100000000000000000e+03
2.319884726224783755e-01 3.605551275463989125e+00 2.082000000000000000e+03
2.396576319543509137e-01 3.605551275463989125e+00 2.103000000000000000e+03
2.517985611510791255e-01 3.605551275463989125e+00 2.085000000000000000e+03
2.592592592592592449e-01 3.605551275463989125e+00 2.106000000000000000e+03
2.715517241379310498e-01 3.605551275463989125e+00 2.088000000000000000e+03
2.788051209103840633e-01 3.605551275463989125e+00 2.109000000000000000e+03
2.912482065997130665e-01 3.605551275463989125e+00 2.091000000000000000e+03
2.982954545454545303e-01 3.605551275463989125e+00 2.112000000000000000e+03
3.108882521489971240e-01 3.605551275463989125e+00 2.094000000000000000e+03
3.177304964539007237e-01 3.605551275463989125e+00 2.115000000000000000e+03
3.304721030042918617e-01 3.605551275463989125e+00 2.097000000000000000e+03
3.371104815864022775e-01 3.605551275463989125e+00 2.118000000000000000e+03
3.499999999999999778e-01 3.605551275463989125e+00 2.100000000000000000e+03
3.631123919308357206e-01 3.605551275463989125e+00 2.082000000000000000e+03
3.694721825962909989e-01 3.605551275463989125e+00 2.103000000000000000e+03
3.827338129496402619e-01 3.605551275463989125e+00 2.085000000000000000e+03
3.888888888888888951e-01 3.605551275463989125e+00 2.106000000000000000e+03
4.022988505747126520e-01 3.605551275463989125e+00 2.088000000000000000e+03
4.082503556187766502e-01 3.605551275463989125e+00 2.109000000000000000e+03
4.218077474892396039e-01 3.605551275463989125e+00 2.091000000000000000e+03
4.275568181818181768e-01 3.605551275463989125e+00 2.112000000000000000e+03
4.412607449856733588e-01 3.605551275463989125e+00 2.094000000000000000e+03
4.468085106382978511e-01 3.605551275463989125e+00 2.115000000000000000e+03
4.606580829756795614e-01 3.605551275463989125e+00 2.097000000000000000e+03
4.660056657223796139e-01 3.605551275463989125e+00 2.118000000000000000e+03
4.799999999999999822e-01 3.605551275463989125e+00 2.100000000000000000e+03
4.942363112391930935e-01 3.605551275463989125e+00 2.082000000000000000e+03
4.992867332382310841e-01 3.605551275463989125e+00 2.103000000000000000e+03
5.136690647482013983e-01 3.605551275463989125e+00 2.085000000000000000e+03
5.185185185185184897e-01 3.605551275463989125e+00 2.106000000000000000e+03
5.330459770114942541e-01 3.605551275463989125e+00 2.088000000000000000e+03
5.376955903271692927e-01 3.605551275463989125e+00 2.109000000000000000e+03
5.523672883787661414e-01 3.605551275463989125e+00 2.091000000000000000e+03
5.568181818181817677e-01 3.605551275463989125e+00 2.112000000000000000e+03
5.716332378223495381e-01 3.605551275463989125e+00 2.094000000000000000e+03
5.758865248226950895e-01 3.605551275463989125e+00 2.115000000000000000e+03
5.908440629470672611e-01 3.605551275463989125e+00 2.097000000000000000e+03
5.949008498583568949e-01 3.605551275463989125e+00 2.118000000000000000e+03
6.099999999999999867e-01 3.605551275463989125e+00 2.100000000000000000e+03
6.253602305475504108e-01 3.605551275463989125e+00 2.082000000000000000e+03
6.291012838801711693e-01 3.605551275463989125e+00 2.103000000000000000e+03
6.446043165467625347e-01 3.605551275463989125e+00 2.085000000000000000e+03
6.481481481481481399e-01 3.605551275463989125e+00 2.106000000000000000e+03
6.637931034482759118e-01 3.605551275463989125e+00 2.088000000000000000e+03
6.671408250355618241e-01 3.605551275463989125e+00 2.109000000000000000e+03
6.829268292682927344e-01 3.605551275463989125e+00 2.091000000000000000e+03
6.860795454545454142e-01 3.605551275463989125e+00 2.112000000000000000e+03
7.020057306590258284e-01 3.605551275463989125e+00 2.094000000000000000e+03
7.049645390070922168e-01 3.605551275463989125e+00 2.115000000000000000e+03
7.210300429184549609e-01 3.605551275463989125e+00 2.097000000000000000e+03
7.237960339943342314e-01 3.605551275463989125e+00 2.118000000000000000e+03
7.399999999999999911e-01 3.605551275463989125e+00 2.100000000000000000e+03
7.564841498559077282e-01 3.605551275463989125e+00 2.082000000000000000e+03
7.589158345221113100e-01 3.605551275463989125e+00 2.103000000000000000e+03
7.755395683453237821e-01 3.605551275463989125e+00 2.085000000000000000e+03
7.777777777777777901e-01 3.605551275463989125e+00 2.106000000000000000e+03
7.945402298850574585e-01 3.605551275463989125e+00 2.088000000000000000e+03
7.965860597439544666e-01 3.605551275463989125e+00 2.109000000000000000e+03
8.134863701578192163e-01 3.605551275463989125e+00 2.091000000000000000e+03
8.153409090909090606e-01 3.605551275463989125e+00 2.112000000000000000e+03
8.323782234957020076e-01 3.605551275463989125e+00 2.094000000000000000e+03
8.340425531914893442e-01 3.605551275463989125e+00 2.115000000000000000e+03
8.512160228898426606e-01 3.605551275463989125e+00 2.097000000000000000e+03
8.526912181303115679e-01 3.605551275463989125e+00 2.118000000000000000e+03
8.699999999999999956e-01 3.605551275463989125e+00 2.100000000000000000e+03
8.876080691642651566e-01 3.605551275463989125e+00 2.082000000000000000e+03
8.887303851640513397e-01 3.605551275463989125e+00 2.103000000000000000e+03
9.064748201438849184e-01 3.605551275463989125e+00 2.085000000000000000e+03
1.001430615164520810e-01 2.720294101747088522e+00 2.097000000000000000e+03
1.086443079829948061e-01 2.720294101747088522e+00 2.117000000000000000e+03
1.190476190476190410e-01 2.720294101747088522e+00 2.100000000000000000e+03
1.317049808429118785e-01 2.720294101747088522e+00 2.088000000000000000e+03
1.399430740037950760e-01 2.720294101747088522e+00 2.108000000000000000e+03
1.506456241032998467e-01 2.720294101747088522e+00 2.091000000000000000e+03
1.586925627664614036e-01 2.720294101747088522e+00 2.111000000000000000e+03
1.695319961795606623e-01 2.720294101747088522e+00 2.094000000000000000e+03
1.793298725814063133e-01 2.720294101747088522e+00 2.119000000000000000e+03
1.902949571836346221e-01 2.720294101747088522e+00 2.102000000000000000e+03
2.014388489208633060e-01 2.720294101747088522e+00 2.085000000000000000e+03
2.090261282660332565e-01 2.720294101747088522e+00 2.105000000000000000e+03
2.203065134099616851e-01 2.720294101747088522e+00 2.088000000000000000e+03
2.295314718409843802e-01 2.720294101747088522e+00 2.113000000000000000e+03
2.409351145038167996e-01 2.720294101747088522e+00 2.096000000000000000e+03
2.481096408317580437e-01 2.720294101747088522e+00 2.116000000000000000e+03
2.596474511672224872e-01 2.720294101747088522e+00 2.099000000000000000e+03
2.713736791546589866e-01 2.720294101747088522e+00 2.082000000000000000e+03
2.800189843379212173e-01 2.720294101747088522e+00 2.107000000000000000e+03
2.918660287081339955e-01 2.720294101747088522e+00 2.090000000000000000e+03
2.985781990521326756e-01 2.720294101747088522e+00 2.110000000000000000e+03
3.105590062111800997e-01 2.720294101747088522e+00 2.093000000000000000e+03
3.170847136772361741e-01 2.720294101747088522e+00 2.113000000000000000e+03
3.307948595906711198e-01 2.720294101747088522e+00 2.101000000000000000e+03
3.430902111324375947e-01 2.720294101747088522e+00 2.084000000000000000e+03
3.493346007604562486e-01 2.720294101747088522e+00 2.104000000000000000e+03
3.617632965979875603e-01 2.720294101747088522e+00 2.087000000000000000e+03
3.678215472235406014e-01 2.720294101747088522e+00 2.107000000000000000e+03
3.818615751789976032e-01 2.720294101747088522e+00 2.095000000000000000e+03
3.877068557919621794e-01 2.720294101747088522e+00 2.115000000000000000e+03
4.003813155386081735e-01 2.720294101747088522e+00 2.098000000000000000e+03
4.132628543969245616e-01 2.720294101747088522e+00 2.081000000000000000e+03
4.188481675392670134e-01 2.720294101747088522e+00 2.101000000000000000e+03
4.332216371469602700e-01 2.720294101747088522e+00 2.089000000000000000e+03
4.385964912280701511e-01 2.720294101747088522e+00 2.109000000000000000e+03
4.517208413001911893e-01 2.720294101747088522e+00 2.092000000000000000e+03
4.569128787878787845e-01 2.720294101747088522e+00 2.112000000000000000e+03
4.701670644391408027e-01 2.720294101747088522e+00 2.095000000000000000e+03
4.764150943396226467e-01 2.720294101747088522e+00 2.120000000000000000e+03
4.897765097479790941e-01 2.720294101747088522e+00 2.103000000000000000e+03
5.033557046979866278e-01 2.720294101747088522e+00 2.086000000000000000e+03
5.080721747388413645e-01 2.720294101747088522e+00 2.106000000000000000e+03
5.217807563427476758e-01 2.720294101747088522e+00 2.089000000000000000e+03
5.274361400189214732e-01 2.720294101747088522e+00 2.114000000000000000e+03
5.412494039103481480e-01 2.720294101747088522e+00 2.097000000000000000e+03
5.455833726972130204e-01 2.720294101747088522e+00 2.117000000000000000e+03
5.595238095238095344e-01 2.720294101747088522e+00 2.100000000000000000e+03
5.736917906865098837e-01 2.720294101747088522e+00 2.083000000000000000e+03
5.787476280834914499e-01 2.720294101747088522e+00 2.108000000000000000e+03
5.930176948828311811e-01 2.720294101747088522e+00 2.091000000000000000e+03
5.968735196589294301e-01 2.720294101747088522e+00 2.111000000000000000e+03
6.112702960840497024e-01 2.720294101747088522e+00 2.094000000000000000e+03
6.149479659413433774e-01 2.720294101747088522e+00 2.114000000000000000e+03
6.303520456707897290e-01 2.720294101747088522e+00 2.102000000000000000e+03
6.450839328537170125e-01 2.720294101747088522e+00 2.085000000000000000e+03
6.484560570071259411e-01 2.720294101747088522e+00 2.105000000000000000e+03
6.633141762452107182e-01 2.720294101747088522e+00 2.088000000000000000e+03
6.665085388994307358e-01 2.720294101747088522e+00 2.108000000000000000e+03
6.822519083969466047e-01 2.720294101747088522e+00 2.096000000000000000e+03
6.852551984877126579e-01 2.720294101747088522e+00 2.116000000000000000e+03
7.003334921391138890e-01 2.720294101747088522e+00 2.099000000000000000e+03
7.156580211335255015e-01 2.720294101747088522e+00 2.082000000000000000e+03
7.183634633682207671e-01 2.720294101747088522e+00 2.102000000000000000e+03
7.344497607655502414e-01 2.720294101747088522e+00 2.090000000000000000e+03
7.369668246445497672e-01 2.720294101747088522e+00 2.110000000000000000e+03
7.525083612040134318e-01 2.720294101747088522e+00 2.093000000000000000e+03
7.548509228584949771e-01 2.720294101747088522e+00 2.113000000000000000e+03
7.705152671755725047e-01 2.720294101747088522e+00 2.096000000000000000e+03
7.869481765834932530e-01 2.720294101747088522e+00 2.084000000000000000e+03
7.889733840304182788e-01 2.720294101747088522e+00 2.104000000000000000e+03
8.049832295160517237e-01 2.720294101747088522e+00 2.087000000000000000e+03
8.068343616516373551e-01 2.720294101747088522e+00 2.107000000000000000e+03
8.229665071770334572e-01 2.720294101747088522e+00 2.090000000000000000e+03
8.250591016548463053e-01 2.720294101747088522e+00 2.115000000000000000e+03
8.412774070543375116e-01 2.720294101747088522e+00 2.098000000000000000e+03
8.427762039660056104e-01 2.720294101747088522e+00 2.118000000000000000e+03
8.591147072822465924e-01 2.720294101747088522e+00 2.101000000000000000e+03
8.757197696737044623e-01 2.720294101747088522e+00 2.084000000000000000e+03
8.771929824561403022e-01 2.720294101747088522e+00 2.109000000000000000e+03
8.938814531548757714e-01 2.720294101747088522e+00 2.092000000000000000e+03
8.948863636363636465e-01 2.720294101747088522e+00 2.112000000000000000e+03
1.000000000000000056e-01 2.236067977499789805e+00 2.100000000000000000e+03
1.107382550335570537e-01 2.236067977499789805e+00 2.086000000000000000e+03
1.196013289036544913e-01 2.236067977499789805e+00 2.107000000000000000e+03
1.304347826086956486e-01 2.236067977499789805e+00 2.093000000000000000e+03
1.390728476821191939e-01 2.236067977499789805e+00 2.114000000000000000e+03
1.499999999999999944e-01 2.236067977499789805e+00 2.100000000000000000e+03
1.610738255033556943e-01 2.236067977499789805e+00 2.086000000000000000e+03
1.694352159468438535e-01 2.236067977499789805e+00 2.107000000000000000e+03
1.806020066889632014e-01 2.236067977499789805e+00 2.093000000000000000e+03
1.887417218543046282e-01 2.236067977499789805e+00 2.114000000000000000e+03
2.000000000000000111e-01 2.236067977499789805e+00 2.100000000000000000e+03
2.114093959731543626e-01 2.236067977499789805e+00 2.086000000000000000e+03
2.192691029900332156e-01 2.236067977499789805e+00 2.107000000000000000e+03
2.307692307692307820e-01 2.236067977499789805e+00 2.093000000000000000e+03
2.384105960264900625e-01 2.236067977499789805e+00 2.114000000000000000e+03
2.500000000000000000e-01 2.236067977499789805e+00 2.100000000000000000e+03
2.617449664429530309e-01 2.236067977499789805e+00 2.086000000000000000e+03
2.691029900332225777e-01 2.236067977499789805e+00 2.107000000000000000e+03
2.809364548494983072e-01 2.236067977499789805e+00 2.093000000000000000e+03
2.880794701986754691e-01 2.236067977499789805e+00 2.114000000000000000e+03
2.999999999999999889e-01 2.236067977499789805e+00 2.100000000000000000e+03
3.120805369127516715e-01 2.236067977499789805e+00 2.086000000000000000e+03
3.189368770764119398e-01 2.236067977499789805e+00 2.107000000000000000e+03
3.311036789297658878e-01 2.236067977499789805e+00 2.093000000000000000e+03
3.377483443708609312e-01 2.236067977499789805e+00 2.114000000000000000e+03
3.499999999999999778e-01 2.236067977499789805e+00 2.100000000000000000e+03
3.624161073825503121e-01 2.236067977499789805e+00 2.086000000000000000e+03
3.687707641196013020e-01 2.236067977499789805e+00 2.107000000000000000e+03
3.812709030100334684e-01 2.236067977499789805e+00 2.093000000000000000e+03
3.874172185430463378e-01 2.236067977499789805e+00 2.114000000000000000e+03
4.000000000000000222e-01 2.236067977499789805e+00 2.100000000000000000e+03
4.127516778523490082e-01 2.236067977499789805e+00 2.086000000000000000e+03
4.186046511627907196e-01 2.236067977499789805e+00 2.107000000000000000e+03
4.314381270903009935e-01 2.236067977499789805e+00 2.093000000000000000e+03
4.370860927152317998e-01 2.236067977499789805e+00 2.114000000000000000e+03
4.500000000000000111e-01 2.236067977499789805e+00 2.100000000000000000e+03
4.630872483221476488e-01 2.236067977499789805e+00 2.086000000000000000e+03
4.684385382059800818e-01 2.236067977499789805e+00 2.107000000000000000e+03
4.816053511705685741e-01 2.236067977499789805e+00 2.093000000000000000e+03
4.867549668874172064e-01 2.236067977499789805e+00 2.114000000000000000e+03
5.000000000000000000e-01 2.236067977499789805e+00 2.100000000000000000e+03
5.134228187919462894e-01 2.236067977499789805e+00 2.086000000000000000e+03
5.182724252491693884e-01 2.236067977499789805e+00 2.107000000000000000e+03
5.317725752508360992e-01 2.236067977499789805e+00 2.093000000000000000e+03
5.364238410596026130e-01 2.236067977499789805e+00 2.114000000000000000e+03
5.500000000000000444e-01 2.236067977499789805e+00 2.100000000000000000e+03
5.637583892617449299e-01 2.236067977499789805e+00 2.086000000000000000e+03
5.681063122923587505e-01 2.236067977499789805e+00 2.107000000000000000e+03
5.819397993311036243e-01 2.236067977499789805e+00 2.093000000000000000e+03
5.860927152317880751e-01 2.236067977499789805e+00 2.114000000000000000e+03
5.999999999999999778e-01 2.236067977499789805e+00 2.100000000000000000e+03
6.140939597315435705e-01 2.236067977499789805e+00 2.086000000000000000e+03
6.179401993355482237e-01 2.236067977499789805e+00 2.107000000000000000e+03
6.321070234113712605e-01 2.236067977499789805e+00 2.093000000000000000e+03
6.357615894039735371e-01 2.236067977499789805e+00 2.114000000000000000e+03
6.500000000000000222e-01 2.236067977499789805e+00 2.100000000000000000e+03
6.644295302013423221e-01 2.236067977499789805e+00 2.086000000000000000e+03
6.677740863787375858e-01 2.236067977499789805e+00 2.107000000000000000e+03
6.822742474916387856e-01 2.236067977499789805e+00 2.093000000000000000e+03
6.854304635761588882e-01 2.236067977499789805e+00 2.114000000000000000e+03
6.999999999999999556e-01 2.236067977499789805e+00 2.100000000000000000e+03
7.147651006711409627e-01 2.236067977499789805e+00 2.086000000000000000e+03
7.176079734219269479e-01 2.236067977499789805e+00 2.107000000000000000e+03
7.324414715719063107e-01 2.236067977499789805e+00 2.093000000000000000e+03
7.350993377483443503e-01 2.236067977499789805e+00 2.114000000000000000e+03
7.500000000000000000e-01 2.236067977499789805e+00 2.100000000000000000e+03
7.651006711409396033e-01 2.236067977499789805e+00 2.086000000000000000e+03
7.674418604651163101e-01 2.236067977499789805e+00 2.107000000000000000e+03
7.826086956521739468e-01 2.236067977499789805e+00 2.093000000000000000e+03
7.847682119205298124e-01 2.236067977499789805e+00 2.114000000000000000e+03
8.000000000000000444e-01 2.236067977499789805e+00 2.100000000000000000e+03
8.154362416107382439e-01 2.236067977499789805e+00 2.086000000000000000e+03
8.172757475083056722e-01 2.236067977499789805e+00 2.107000000000000000e+03
8.327759197324414719e-01 2.236067977499789805e+00 2.093000000000000000e+03
8.344370860927152744e-01 2.236067977499789805e+00 2.114000000000000000e+03
8.499999999999999778e-01 2.236067977499789805e+00 2.100000000000000000e+03
8.657718120805368844e-01 2.236067977499789805e+00 2.086000000000000000e+03
8.671096345514950343e-01 2.236067977499789805e+00 2.107000000000000000e+03
8.829431438127089971e-01 2.236067977499789805e+00 2.093000000000000000e+03
8.841059602649006255e-01 2.236067977499789805e+00 2.114000000000000000e+03
9.000000000000000222e-01 2.236067977499789805e+00 2.100000000000000000e+03
9.913793103448276245e-02 1.914854215512676205e+00 2.088000000000000000e+03
1.106382978723404187e-01 1.914854215512676205e+00 2.115000000000000000e+03
1.199999999999999956e-01 1.914854215512676205e+00 2.100000000000000000e+03
1.294964028776978415e-01 1.914854215512676205e+00 2.085000000000000000e+03
1.406250000000000000e-01 1.914854215512676205e+00 2.112000000000000000e+03
1.502145922746781215e-01 1.914854215512676205e+00 2.097000000000000000e+03
1.599423631123919332e-01 1.914854215512676205e+00 2.082000000000000000e+03
1.706970128022759492e-01 1.914854215512676205e+00 2.109000000000000000e+03
1.805157593123209170e-01 1.914854215512676205e+00 2.094000000000000000e+03
1.875000000000000000e-01 1.914854215512676205e+00 2.112000000000000000e+03
2.008547008547008628e-01 1.914854215512676205e+00 2.106000000000000000e+03
2.109038737446198020e-01 1.914854215512676205e+00 2.091000000000000000e+03
2.176386913229018394e-01 1.914854215512676205e+00 2.109000000000000000e+03
2.310984308131241172e-01 1.914854215512676205e+00 2.103000000000000000e+03
2.413793103448275967e-01 1.914854215512676205e+00 2.088000000000000000e+03
2.478632478632478708e-01 1.914854215512676205e+00 2.106000000000000000e+03
2.614285714285714546e-01 1.914854215512676205e+00 2.100000000000000000e+03
2.719424460431654755e-01 1.914854215512676205e+00 2.085000000000000000e+03
2.781740370898715953e-01 1.914854215512676205e+00 2.103000000000000000e+03
2.918454935622317725e-01 1.914854215512676205e+00 2.097000000000000000e+03
2.978723404255319007e-01 1.914854215512676205e+00 2.115000000000000000e+03
3.085714285714285521e-01 1.914854215512676205e+00 2.100000000000000000e+03
3.223495702005730879e-01 1.914854215512676205e+00 2.094000000000000000e+03
3.281250000000000000e-01 1.914854215512676205e+00 2.112000000000000000e+03
3.390557939914163321e-01 1.914854215512676205e+00 2.097000000000000000e+03
3.529411764705882582e-01 1.914854215512676205e+00 2.091000000000000000e+03
3.584637268847795100e-01 1.914854215512676205e+00 2.109000000000000000e+03
3.696275071633237652e-01 1.914854215512676205e+00 2.094000000000000000e+03
3.836206896551724310e-01 1.914854215512676205e+00 2.088000000000000000e+03
3.888888888888888951e-01 1.914854215512676205e+00 2.106000000000000000e+03
4.002869440459110306e-01 1.914854215512676205e+00 2.091000000000000000e+03
4.079320113314447438e-01 1.914854215512676205e+00 2.118000000000000000e+03
4.194008559201141129e-01 1.914854215512676205e+00 2.103000000000000000e+03
4.310344827586206629e-01 1.914854215512676205e+00 2.088000000000000000e+03
4.382978723404255539e-01 1.914854215512676205e+00 2.115000000000000000e+03
4.500000000000000111e-01 1.914854215512676205e+00 2.100000000000000000e+03
4.618705035971222839e-01 1.914854215512676205e+00 2.085000000000000000e+03
4.687500000000000000e-01 1.914854215512676205e+00 2.112000000000000000e+03
4.806866952789699554e-01 1.914854215512676205e+00 2.097000000000000000e+03
4.927953890489913391e-01 1.914854215512676205e+00 2.082000000000000000e+03
4.992887624466572083e-01 1.914854215512676205e+00 2.109000000000000000e+03
5.114613180515759083e-01 1.914854215512676205e+00 2.094000000000000000e+03
5.156250000000000000e-01 1.914854215512676205e+00 2.112000000000000000e+03
5.299145299145299193e-01 1.914854215512676205e+00 2.106000000000000000e+03
5.423242467718795146e-01 1.914854215512676205e+00 2.091000000000000000e+03
5.462304409672831262e-01 1.914854215512676205e+00 2.109000000000000000e+03
5.606276747503566860e-01 1.914854215512676205e+00 2.103000000000000000e+03
5.732758620689655249e-01 1.914854215512676205e+00 2.088000000000000000e+03
5.769230769230768718e-01 1.914854215512676205e+00 2.106000000000000000e+03
5.914285714285714146e-01 1.914854215512676205e+00 2.100000000000000000e+03
6.043165467625899456e-01 1.914854215512676205e+00 2.085000000000000000e+03
6.077032810271041363e-01 1.914854215512676205e+00 2.103000000000000000e+03
6.223175965665236342e-01 1.914854215512676205e+00 2.097000000000000000e+03
6.255319148936170359e-01 1.914854215512676205e+00 2.115000000000000000e+03
6.385714285714285676e-01 1.914854215512676205e+00 2.100000000000000000e+03
6.532951289398281070e-01 1.914854215512676205e+00 2.094000000000000000e+03
6.562500000000000000e-01 1.914854215512676205e+00 2.112000000000000000e+03
6.695278969957081383e-01 1.914854215512676205e+00 2.097000000000000000e+03
6.843615494978478875e-01 1.914854215512676205e+00 2.091000000000000000e+03
6.870554765291607691e-01 1.914854215512676205e+00 2.109000000000000000e+03
7.005730659025788398e-01 1.914854215512676205e+00 2.094000000000000000e+03
7.155172413793103869e-01 1.914854215512676205e+00 2.088000000000000000e+03
7.179487179487179516e-01 1.914854215512676205e+00 2.106000000000000000e+03
7.317073170731707155e-01 1.914854215512676205e+00 2.091000000000000000e+03
7.351274787535411193e-01 1.914854215512676205e+00 2.118000000000000000e+03
7.489300998573465984e-01 1.914854215512676205e+00 2.103000000000000000e+03
7.629310344827586743e-01 1.914854215512676205e+00 2.088000000000000000e+03
7.659574468085106336e-01 1.914854215512676205e+00 2.115000000000000000e+03
7.800000000000000266e-01 1.914854215512676205e+00 2.100000000000000000e+03
7.942446043165467540e-01 1.914854215512676205e+00 2.085000000000000000e+03
7.968750000000000000e-01 1.914854215512676205e+00 2.112000000000000000e+03
8.111587982832617616e-01 1.914854215512676205e+00 2.097000000000000000e+03
8.256484149855908283e-01 1.914854215512676205e+00 2.082000000000000000e+03
8.278805120910384119e-01 1.914854215512676205e+00 2.109000000000000000e+03
8.424068767908309274e-01 1.914854215512676205e+00 2.094000000000000000e+03
8.437500000000000000e-01 1.914854215512676205e+00 2.112000000000000000e+03
8.589743589743589203e-01 1.914854215512676205e+00 2.106000000000000000e+03
8.737446197991391994e-01 1.914854215512676205e+00 2.091000000000000000e+03
8.748221906116643298e-01 1.914854215512676205e+00 2.109000000000000000e+03
8.901569186875891715e-01 1.914854215512676205e+00 2.103000000000000000e+03
9.051724137931034253e-01 1.914854215512676205e+00 2.088000000000000000e+03
9.952380952380952828e-02 1.678744119329035334e+00 2.100000000000000000e+03
1.104734576757532283e-01 1.678744119329035334e+00 2.091000000000000000e+03
1.197349739706578264e-01 1.678744119329035334e+00 2.113000000000000000e+03
1.307034220532319324e-01 1.678744119329035334e+00 2.104000000000000000e+03
1.417661097852028762e-01 1.678744119329035334e+00 2.095000000000000000e+03
1.506849315068493067e-01 1.678744119329035334e+00 2.117000000000000000e+03
1.617647058823529493e-01 1.678744119329035334e+00 2.108000000000000000e+03
1.685823754789272100e-01 1.678744119329035334e+00 2.088000000000000000e+03
1.772511848341232210e-01 1.678744119329035334e+00 2.110000000000000000e+03
1.884816753926701616e-01 1.678744119329035334e+00 2.101000000000000000e+03
1.998087954110898679e-01 1.678744119329035334e+00 2.092000000000000000e+03
2.081362346263008478e-01 1.678744119329035334e+00 2.114000000000000000e+03
2.194774346793349207e-01 1.678744119329035334e+00 2.105000000000000000e+03
2.309160305343511410e-01 1.678744119329035334e+00 2.096000000000000000e+03
2.424532822232870199e-01 1.678744119329035334e+00 2.087000000000000000e+03
2.503556187766713959e-01 1.678744119329035334e+00 2.109000000000000000e+03
2.619047619047619180e-01 1.678744119329035334e+00 2.100000000000000000e+03
2.735533237685318086e-01 1.678744119329035334e+00 2.091000000000000000e+03
2.773549000951474608e-01 1.678744119329035334e+00 2.102000000000000000e+03
2.890587673196368668e-01 1.678744119329035334e+00 2.093000000000000000e+03
3.008637236084453215e-01 1.678744119329035334e+00 2.084000000000000000e+03
3.081671415004748615e-01 1.678744119329035334e+00 2.106000000000000000e+03
3.199809251311397373e-01 1.678744119329035334e+00 2.097000000000000000e+03
3.318965517241379559e-01 1.678744119329035334e+00 2.088000000000000000e+03
3.388625592417061627e-01 1.678744119329035334e+00 2.110000000000000000e+03
3.507853403141361071e-01 1.678744119329035334e+00 2.101000000000000000e+03
3.628107074569789647e-01 1.678744119329035334e+00 2.092000000000000000e+03
3.694418164616840028e-01 1.678744119329035334e+00 2.114000000000000000e+03
3.814726840855107159e-01 1.678744119329035334e+00 2.105000000000000000e+03
3.904076738609112973e-01 1.678744119329035334e+00 2.085000000000000000e+03
3.967726625533934404e-01 1.678744119329035334e+00 2.107000000000000000e+03
4.089609151572926593e-01 1.678744119329035334e+00 2.098000000000000000e+03
4.212541886069889885e-01 1.678744119329035334e+00 2.089000000000000000e+03
4.272856466129796305e-01 1.678744119329035334e+00 2.111000000000000000e+03
4.395813510941959934e-01 1.678744119329035334e+00 2.102000000000000000e+03
4.519827998088867815e-01 1.678744119329035334e+00 2.093000000000000000e+03
4.576832151300236351e-01 1.678744119329035334e+00 2.115000000000000000e+03
4.700854700854700807e-01 1.678744119329035334e+00 2.106000000000000000e+03
4.825941821649976093e-01 1.678744119329035334e+00 2.097000000000000000e+03
4.879660217083530149e-01 1.678744119329035334e+00 2.119000000000000000e+03
4.978561219628394596e-01 1.678744119329035334e+00 2.099000000000000000e+03
5.105263157894737169e-01 1.678744119329035334e+00 2.090000000000000000e+03
5.156250000000000000e-01 1.678744119329035334e+00 2.112000000000000000e+03
5.282929148834997202e-01 1.678744119329035334e+00 2.103000000000000000e+03
5.410697230181470418e-01 1.678744119329035334e+00 2.094000000000000000e+03
5.539568345323740983e-01 1.678744119329035334e+00 2.085000000000000000e+03
5.586141433317513005e-01 1.678744119329035334e+00 2.107000000000000000e+03
5.714966634890371600e-01 1.678744119329035334e+00 2.098000000000000000e+03
5.844901866921972111e-01 1.678744119329035334e+00 2.089000000000000000e+03
5.888204642349597062e-01 1.678744119329035334e+00 2.111000000000000000e+03
6.018078020932445815e-01 1.678744119329035334e+00 2.102000000000000000e+03
6.128722382324687246e-01 1.678744119329035334e+00 2.082000000000000000e+03
6.169201520912547254e-01 1.678744119329035334e+00 2.104000000000000000e+03
6.300715990453460424e-01 1.678744119329035334e+00 2.095000000000000000e+03
6.433365292425695658e-01 1.678744119329035334e+00 2.086000000000000000e+03
6.470588235294117974e-01 1.678744119329035334e+00 2.108000000000000000e+03
6.603144354454502096e-01 1.678744119329035334e+00 2.099000000000000000e+03
6.736842105263157743e-01 1.678744119329035334e+00 2.090000000000000000e+03
6.770833333333333703e-01 1.678744119329035334e+00 2.112000000000000000e+03
6.904422253922967156e-01 1.678744119329035334e+00 2.103000000000000000e+03
7.039159503342884427e-01 1.678744119329035334e+00 2.094000000000000000e+03
7.069943289224952521e-01 1.678744119329035334e+00 2.116000000000000000e+03
7.189885496183205937e-01 1.678744119329035334e+00 2.096000000000000000e+03
7.326305701964542783e-01 1.678744119329035334e+00 2.087000000000000000e+03
7.354196301564722704e-01 1.678744119329035334e+00 2.109000000000000000e+03
7.490476190476190732e-01 1.678744119329035334e+00 2.100000000000000000e+03
7.627929220468675497e-01 1.678744119329035334e+00 2.091000000000000000e+03
7.652626597255087759e-01 1.678744119329035334e+00 2.113000000000000000e+03
7.789923954372623971e-01 1.678744119329035334e+00 2.104000000000000000e+03
7.928400954653938015e-01 1.678744119329035334e+00 2.095000000000000000e+03
7.949929145016533250e-01 1.678744119329035334e+00 2.117000000000000000e+03
8.088235294117647189e-01 1.678744119329035334e+00 2.108000000000000000e+03
8.227727489280609596e-01 1.678744119329035334e+00 2.099000000000000000e+03
8.236966824644549323e-01 1.678744119329035334e+00 2.110000000000000000e+03
8.376963350785340268e-01 1.678744119329035334e+00 2.101000000000000000e+03
8.518164435946462554e-01 1.678744119329035334e+00 2.092000000000000000e+03
8.660585693710993738e-01 1.678744119329035334e+00 2.083000000000000000e+03
8.674584323040379630e-01 1.678744119329035334e+00 2.105000000000000000e+03
8.816793893129770687e-01 1.678744119329035334e+00 2.096000000000000000e+03
8.960229995208432996e-01 1.678744119329035334e+00 2.087000000000000000e+03
8.971076339497392471e-01 1.678744119329035334e+00 2.109000000000000000e+03
9.937888198757763303e-02 1.493575987611353684e+00 2.093000000000000000e+03
1.119617224880382761e-01 1.493575987611353684e+00 2.090000000000000000e+03
1.174512601046124594e-01 1.493575987611353684e+00 2.103000000000000000e+03
1.300000000000000044e-01 1.493575987611353684e+00 2.100000000000000000e+03
1.425846447305674780e-01 1.493575987611353684e+00 2.097000000000000000e+03
1.478672985781990523e-01 1.493575987611353684e+00 2.110000000000000000e+03
1.604176554342667260e-01 1.493575987611353684e+00 2.107000000000000000e+03
1.678622668579627109e-01 1.493575987611353684e+00 2.091000000000000000e+03
1.805555555555555525e-01 1.493575987611353684e+00 2.088000000000000000e+03
1.906338694418164559e-01 1.493575987611353684e+00 2.114000000000000000e+03
1.982840800762631084e-01 1.493575987611353684e+00 2.098000000000000000e+03
2.109785202863961873e-01 1.493575987611353684e+00 2.095000000000000000e+03
2.237093690248566080e-01 1.493575987611353684e+00 2.092000000000000000e+03
2.285035629453681660e-01 1.493575987611353684e+00 2.105000000000000000e+03
2.411988582302568851e-01 1.493575987611353684e+00 2.102000000000000000e+03
2.492809204218600083e-01 1.493575987611353684e+00 2.086000000000000000e+03
2.585227272727272929e-01 1.493575987611353684e+00 2.112000000000000000e+03
2.712185870080606742e-01 1.493575987611353684e+00 2.109000000000000000e+03
2.795031055900620842e-01 1.493575987611353684e+00 2.093000000000000000e+03
2.923444976076555180e-01 1.493575987611353684e+00 2.090000000000000000e+03
2.967189728958630757e-01 1.493575987611353684e+00 2.103000000000000000e+03
3.095238095238095344e-01 1.493575987611353684e+00 2.100000000000000000e+03
3.223652837386742909e-01 1.493575987611353684e+00 2.097000000000000000e+03
3.265402843601895588e-01 1.493575987611353684e+00 2.110000000000000000e+03
3.393450403417180850e-01 1.493575987611353684e+00 2.107000000000000000e+03
3.521863117870722704e-01 1.493575987611353684e+00 2.104000000000000000e+03
3.611111111111111049e-01 1.493575987611353684e+00 2.088000000000000000e+03
3.689687795648060598e-01 1.493575987611353684e+00 2.114000000000000000e+03
3.779790276453765530e-01 1.493575987611353684e+00 2.098000000000000000e+03
3.909307875894987849e-01 1.493575987611353684e+00 2.095000000000000000e+03
4.039196940726577645e-01 1.493575987611353684e+00 2.092000000000000000e+03
4.076009501187648487e-01 1.493575987611353684e+00 2.105000000000000000e+03
4.205518553758325617e-01 1.493575987611353684e+00 2.102000000000000000e+03
4.300095877277085310e-01 1.493575987611353684e+00 2.086000000000000000e+03
4.370265151515151381e-01 1.493575987611353684e+00 2.112000000000000000e+03
4.499762920815552625e-01 1.493575987611353684e+00 2.109000000000000000e+03
4.596273291925465632e-01 1.493575987611353684e+00 2.093000000000000000e+03
4.727272727272727182e-01 1.493575987611353684e+00 2.090000000000000000e+03
4.792060491493383978e-01 1.493575987611353684e+00 2.116000000000000000e+03
4.890476190476190643e-01 1.493575987611353684e+00 2.100000000000000000e+03
5.021459227467811592e-01 1.493575987611353684e+00 2.097000000000000000e+03
5.122537241710716227e-01 1.493575987611353684e+00 2.081000000000000000e+03
5.182724252491693884e-01 1.493575987611353684e+00 2.107000000000000000e+03
5.313688212927756283e-01 1.493575987611353684e+00 2.104000000000000000e+03
5.416666666666666297e-01 1.493575987611353684e+00 2.088000000000000000e+03
5.473036896877956359e-01 1.493575987611353684e+00 2.114000000000000000e+03
5.576739752144900253e-01 1.493575987611353684e+00 2.098000000000000000e+03
5.708830548926013826e-01 1.493575987611353684e+00 2.095000000000000000e+03
5.841300191204589209e-01 1.493575987611353684e+00 2.092000000000000000e+03
5.866983372921614759e-01 1.493575987611353684e+00 2.105000000000000000e+03
5.999048525214081273e-01 1.493575987611353684e+00 2.102000000000000000e+03
6.131491186279180994e-01 1.493575987611353684e+00 2.099000000000000000e+03
6.155303030303029832e-01 1.493575987611353684e+00 2.112000000000000000e+03
6.287339971550497397e-01 1.493575987611353684e+00 2.109000000000000000e+03
6.397515527950310421e-01 1.493575987611353684e+00 2.093000000000000000e+03
6.531100478468899739e-01 1.493575987611353684e+00 2.090000000000000000e+03
6.573724007561436711e-01 1.493575987611353684e+00 2.116000000000000000e+03
6.685714285714285943e-01 1.493575987611353684e+00 2.100000000000000000e+03
6.819265617548879721e-01 1.493575987611353684e+00 2.097000000000000000e+03
6.934166266218164676e-01 1.493575987611353684e+00 2.081000000000000000e+03
6.971998101566208028e-01 1.493575987611353684e+00 2.107000000000000000e+03
7.105513307984790972e-01 1.493575987611353684e+00 2.104000000000000000e+03
7.222222222222222099e-01 1.493575987611353684e+00 2.088000000000000000e+03
7.256385998107852675e-01 1.493575987611353684e+00 2.114000000000000000e+03
7.389862624348649822e-01 1.493575987611353684e+00 2.111000000000000000e+03
7.508353221957040358e-01 1.493575987611353684e+00 2.095000000000000000e+03
7.643403441682600219e-01 1.493575987611353684e+00 2.092000000000000000e+03
7.657957244655582141e-01 1.493575987611353684e+00 2.105000000000000000e+03
7.792578496669838595e-01 1.493575987611353684e+00 2.102000000000000000e+03
7.927584564078132834e-01 1.493575987611353684e+00 2.099000000000000000e+03
8.050888142102736733e-01 1.493575987611353684e+00 2.083000000000000000e+03
8.074917022285443835e-01 1.493575987611353684e+00 2.109000000000000000e+03
8.198757763975155211e-01 1.493575987611353684e+00 2.093000000000000000e+03
8.334928229665071742e-01 1.493575987611353684e+00 2.090000000000000000e+03
8.355387523629489444e-01 1.493575987611353684e+00 2.116000000000000000e+03
8.480952380952381242e-01 1.493575987611353684e+00 2.100000000000000000e+03
8.617072007629947850e-01 1.493575987611353684e+00 2.097000000000000000e+03
8.753581661891117749e-01 1.493575987611353684e+00 2.094000000000000000e+03
8.761271950640721062e-01 1.493575987611353684e+00 2.107000000000000000e+03
8.897338403041824550e-01 1.493575987611353684e+00 2.104000000000000000e+03
9.027777777777777901e-01 1.493575987611353684e+00 2.088000000000000000e+03
1.000000000000000056e-01 1.341640786499873839e+00 2.100000000000000000e+03
1.077586206896551657e-01 1.341640786499873839e+00 2.088000000000000000e+03
1.219512195121951192e-01 1.341640786499873839e+00 2.091000000000000000e+03
1.282051282051281937e-01 1.341640786499873839e+00 2.106000000000000000e+03
1.422475106685633095e-01 1.341640786499873839e+00 2.109000000000000000e+03
1.502145922746781215e-01 1.341640786499873839e+00 2.097000000000000000e+03
1.582733812949640162e-01 1.341640786499873839e+00 2.085000000000000000e+03
1.702127659574468044e-01 1.341640786499873839e+00 2.115000000000000000e+03
1.783166904422253951e-01 1.341640786499873839e+00 2.103000000000000000e+03
1.923076923076923184e-01 1.341640786499873839e+00 2.106000000000000000e+03
2.005730659025787843e-01 1.341640786499873839e+00 2.094000000000000000e+03
2.089337175792507217e-01 1.341640786499873839e+00 2.082000000000000000e+03
2.201704545454545581e-01 1.341640786499873839e+00 2.112000000000000000e+03
2.285714285714285643e-01 1.341640786499873839e+00 2.100000000000000000e+03
2.425106990014265218e-01 1.341640786499873839e+00 2.103000000000000000e+03
2.510760401721664481e-01 1.341640786499873839e+00 2.091000000000000000e+03
2.564102564102563875e-01 1.341640786499873839e+00 2.106000000000000000e+03
2.702702702702702853e-01 1.341640786499873839e+00 2.109000000000000000e+03
2.789699570815450391e-01 1.341640786499873839e+00 2.097000000000000000e+03
2.928571428571428714e-01 1.341640786499873839e+00 2.100000000000000000e+03
3.017241379310344751e-01 1.341640786499873839e+00 2.088000000000000000e+03
3.067047075606276763e-01 1.341640786499873839e+00 2.103000000000000000e+03
3.205128205128205399e-01 1.341640786499873839e+00 2.106000000000000000e+03
3.295128939828080306e-01 1.341640786499873839e+00 2.094000000000000000e+03
3.433476394849785396e-01 1.341640786499873839e+00 2.097000000000000000e+03
3.480113636363636465e-01 1.341640786499873839e+00 2.112000000000000000e+03
3.571428571428571508e-01 1.341640786499873839e+00 2.100000000000000000e+03
3.708987161198288307e-01 1.341640786499873839e+00 2.103000000000000000e+03
3.802008608321377214e-01 1.341640786499873839e+00 2.091000000000000000e+03
3.939828080229226259e-01 1.341640786499873839e+00 2.094000000000000000e+03
3.982930298719772333e-01 1.341640786499873839e+00 2.109000000000000000e+03
4.077253218884120400e-01 1.341640786499873839e+00 2.097000000000000000e+03
4.214285714285714302e-01 1.341640786499873839e+00 2.100000000000000000e+03
4.310344827586206629e-01 1.341640786499873839e+00 2.088000000000000000e+03
4.390934844192634356e-01 1.341640786499873839e+00 2.118000000000000000e+03
4.487179487179487336e-01 1.341640786499873839e+00 2.106000000000000000e+03
4.584527220630372768e-01 1.341640786499873839e+00 2.094000000000000000e+03
4.721030042918454850e-01 1.341640786499873839e+00 2.097000000000000000e+03
4.820143884892086339e-01 1.341640786499873839e+00 2.085000000000000000e+03
4.893617021276595591e-01 1.341640786499873839e+00 2.115000000000000000e+03
4.992867332382310841e-01 1.341640786499873839e+00 2.103000000000000000e+03
5.093256814921089948e-01 1.341640786499873839e+00 2.091000000000000000e+03
5.229226361031518167e-01 1.341640786499873839e+00 2.094000000000000000e+03
5.263157894736841813e-01 1.341640786499873839e+00 2.109000000000000000e+03
5.397727272727272929e-01 1.341640786499873839e+00 2.112000000000000000e+03
5.500000000000000444e-01 1.341640786499873839e+00 2.100000000000000000e+03
5.603448275862068506e-01 1.341640786499873839e+00 2.088000000000000000e+03
5.738880918220946592e-01 1.341640786499873839e+00 2.091000000000000000e+03
5.769230769230768718e-01 1.341640786499873839e+00 2.106000000000000000e+03
5.903271692745376553e-01 1.341640786499873839e+00 2.109000000000000000e+03
6.008583690987124859e-01 1.341640786499873839e+00 2.097000000000000000e+03
6.115107913669064477e-01 1.341640786499873839e+00 2.085000000000000000e+03
6.170212765957446832e-01 1.341640786499873839e+00 2.115000000000000000e+03
6.276747503566333375e-01 1.341640786499873839e+00 2.103000000000000000e+03
6.410256410256410797e-01 1.341640786499873839e+00 2.106000000000000000e+03
6.518624641833811184e-01 1.341640786499873839e+00 2.094000000000000000e+03
6.628242074927953587e-01 1.341640786499873839e+00 2.082000000000000000e+03
6.676136363636363535e-01 1.341640786499873839e+00 2.112000000000000000e+03
6.785714285714286031e-01 1.341640786499873839e+00 2.100000000000000000e+03
6.918687589158345475e-01 1.341640786499873839e+00 2.103000000000000000e+03
7.030129124820659881e-01 1.341640786499873839e+00 2.091000000000000000e+03
7.051282051282051766e-01 1.341640786499873839e+00 2.106000000000000000e+03
7.183499288762447144e-01 1.341640786499873839e+00 2.109000000000000000e+03
7.296137339055793758e-01 1.341640786499873839e+00 2.097000000000000000e+03
7.428571428571428825e-01 1.341640786499873839e+00 2.100000000000000000e+03
7.543103448275861878e-01 1.341640786499873839e+00 2.088000000000000000e+03
7.560627674750356464e-01 1.341640786499873839e+00 2.103000000000000000e+03
7.692307692307692735e-01 1.341640786499873839e+00 2.106000000000000000e+03
7.808022922636103091e-01 1.341640786499873839e+00 2.094000000000000000e+03
7.939914163090128207e-01 1.341640786499873839e+00 2.097000000000000000e+03
7.954545454545454142e-01 1.341640786499873839e+00 2.112000000000000000e+03
8.071428571428571619e-01 1.341640786499873839e+00 2.100000000000000000e+03
8.202567760342368564e-01 1.341640786499873839e+00 2.103000000000000000e+03
8.321377331420373169e-01 1.341640786499873839e+00 2.091000000000000000e+03
8.452722063037249045e-01 1.341640786499873839e+00 2.094000000000000000e+03
8.463726884779516624e-01 1.341640786499873839e+00 2.109000000000000000e+03
8.583690987124463767e-01 1.341640786499873839e+00 2.097000000000000000e+03
8.714285714285714413e-01 1.341640786499873839e+00 2.100000000000000000e+03
8.836206896551723755e-01 1.341640786499873839e+00 2.088000000000000000e+03
8.852691218130311901e-01 1.341640786499873839e+00 2.118000000000000000e+03
8.974358974358974672e-01 1.341640786499873839e+00 2.106000000000000000e+03
9.695817490494296198e-02 1.212678125181664957e+00 2.104000000000000000e+03
1.126360624704211971e-01 1.212678125181664957e+00 2.113000000000000000e+03
1.211401425178147279e-01 1.212678125181664957e+00 2.105000000000000000e+03
1.297091082498807724e-01 1.212678125181664957e+00 2.097000000000000000e+03
1.383437051220679781e-01 1.212678125181664957e+00 2.089000000000000000e+03
1.539561487130600703e-01 1.212678125181664957e+00 2.098000000000000000e+03
1.607565011820331069e-01 1.212678125181664957e+00 2.115000000000000000e+03
1.694352159468438535e-01 1.212678125181664957e+00 2.107000000000000000e+03
1.781800857551214812e-01 1.212678125181664957e+00 2.099000000000000000e+03
1.869918699186991773e-01 1.212678125181664957e+00 2.091000000000000000e+03
2.023809523809523836e-01 1.212678125181664957e+00 2.100000000000000000e+03
2.112810707456979076e-01 1.212678125181664957e+00 2.092000000000000000e+03
2.176386913229018394e-01 1.212678125181664957e+00 2.109000000000000000e+03
2.265587815326035315e-01 1.212678125181664957e+00 2.101000000000000000e+03
2.417061611374407559e-01 1.212678125181664957e+00 2.110000000000000000e+03
2.507136060894386564e-01 1.212678125181664957e+00 2.102000000000000000e+03
2.597898758357211069e-01 1.212678125181664957e+00 2.094000000000000000e+03
2.689357622243528367e-01 1.212678125181664957e+00 2.086000000000000000e+03
2.840095465393794871e-01 1.212678125181664957e+00 2.095000000000000000e+03
2.897727272727272929e-01 1.212678125181664957e+00 2.112000000000000000e+03
2.989543726235741605e-01 1.212678125181664957e+00 2.104000000000000000e+03
3.082061068702290352e-01 1.212678125181664957e+00 2.096000000000000000e+03
3.230403800475059595e-01 1.212678125181664957e+00 2.105000000000000000e+03
3.323795898903195156e-01 1.212678125181664957e+00 2.097000000000000000e+03
3.417903303015796812e-01 1.212678125181664957e+00 2.089000000000000000e+03
3.471035137701804496e-01 1.212678125181664957e+00 2.106000000000000000e+03
3.565300285986653939e-01 1.212678125181664957e+00 2.098000000000000000e+03
3.711438063597531922e-01 1.212678125181664957e+00 2.107000000000000000e+03
3.806574559313958828e-01 1.212678125181664957e+00 2.099000000000000000e+03
3.902439024390244038e-01 1.212678125181664957e+00 2.091000000000000000e+03
3.999039846375420093e-01 1.212678125181664957e+00 2.083000000000000000e+03
4.095418044402456270e-01 1.212678125181664957e+00 2.117000000000000000e+03
4.191559981033665117e-01 1.212678125181664957e+00 2.109000000000000000e+03
4.288434079009995070e-01 1.212678125181664957e+00 2.101000000000000000e+03
4.386048733874821082e-01 1.212678125181664957e+00 2.093000000000000000e+03
4.529019980970504511e-01 1.212678125181664957e+00 2.102000000000000000e+03
4.627507163323782424e-01 1.212678125181664957e+00 2.094000000000000000e+03
4.670772145902415962e-01 1.212678125181664957e+00 2.111000000000000000e+03
4.769377080361388299e-01 1.212678125181664957e+00 2.103000000000000000e+03
4.910037878787879007e-01 1.212678125181664957e+00 2.112000000000000000e+03
5.009505703422053591e-01 1.212678125181664957e+00 2.104000000000000000e+03
5.109732824427480891e-01 1.212678125181664957e+00 2.096000000000000000e+03
5.210727969348658561e-01 1.212678125181664957e+00 2.088000000000000000e+03
5.312500000000000000e-01 1.212678125181664957e+00 2.080000000000000000e+03
5.387890255439924392e-01 1.212678125181664957e+00 2.114000000000000000e+03
5.489078822412155612e-01 1.212678125181664957e+00 2.106000000000000000e+03
5.591039084842707174e-01 1.212678125181664957e+00 2.098000000000000000e+03
5.693779904306219830e-01 1.212678125181664957e+00 2.090000000000000000e+03
5.831348261076703121e-01 1.212678125181664957e+00 2.099000000000000000e+03
5.934959349593496025e-01 1.212678125181664957e+00 2.091000000000000000e+03
5.967741935483871218e-01 1.212678125181664957e+00 2.108000000000000000e+03
6.071428571428570953e-01 1.212678125181664957e+00 2.100000000000000000e+03
6.206733048838312117e-01 1.212678125181664957e+00 2.109000000000000000e+03
6.311280342693955658e-01 1.212678125181664957e+00 2.101000000000000000e+03
6.416626851409460430e-01 1.212678125181664957e+00 2.093000000000000000e+03
6.522781774580336256e-01 1.212678125181664957e+00 2.085000000000000000e+03
6.578574799433695164e-01 1.212678125181664957e+00 2.119000000000000000e+03
6.684036001894836376e-01 1.212678125181664957e+00 2.111000000000000000e+03
6.790299572039942833e-01 1.212678125181664957e+00 2.103000000000000000e+03
6.897374701670644370e-01 1.212678125181664957e+00 2.095000000000000000e+03
7.005270723526593191e-01 1.212678125181664957e+00 2.087000000000000000e+03
7.137404580152671985e-01 1.212678125181664957e+00 2.096000000000000000e+03
7.160435399905348275e-01 1.212678125181664957e+00 2.113000000000000000e+03
7.268408551068883394e-01 1.212678125181664957e+00 2.105000000000000000e+03
7.377205531711970021e-01 1.212678125181664957e+00 2.097000000000000000e+03
7.507122507122506727e-01 1.212678125181664957e+00 2.106000000000000000e+03
7.616777883698760965e-01 1.212678125181664957e+00 2.098000000000000000e+03
7.727272727272727071e-01 1.212678125181664957e+00 2.090000000000000000e+03
7.838616714697406174e-01 1.212678125181664957e+00 2.082000000000000000e+03
7.873345935727787959e-01 1.212678125181664957e+00 2.116000000000000000e+03
7.983870967741935054e-01 1.212678125181664957e+00 2.108000000000000000e+03
8.095238095238095344e-01 1.212678125181664957e+00 2.100000000000000000e+03
8.207456978967495598e-01 1.212678125181664957e+00 2.092000000000000000e+03
8.334126606377915136e-01 1.212678125181664957e+00 2.101000000000000000e+03
8.447204968944099779e-01 1.212678125181664957e+00 2.093000000000000000e+03
8.459715639810426735e-01 1.212678125181664957e+00 2.110000000000000000e+03
8.572787821122740404e-01 1.212678125181664957e+00 2.102000000000000000e+03
8.686723973256924580e-01 1.212678125181664957e+00 2.094000000000000000e+03
8.811222063718497921e-01 1.212678125181664957e+00 2.103000000000000000e+03
8.926014319809069120e-01 1.212678125181664957e+00 2.095000000000000000e+03
9.041686631528509377e-01 1.212678125181664957e+00 2.087000000000000000e+03
9.976133651551312431e-02 1.100239208440361605e+00 2.095000000000000000e+03
1.090387374461979919e-01 1.100239208440361605e+00 2.091000000000000000e+03
1.183517010062290348e-01 1.100239208440361605e+00 2.087000000000000000e+03
1.277004320691310646e-01 1.100239208440361605e+00 2.083000000000000000e+03
1.355851569933396727e-01 1.100239208440361605e+00 2.102000000000000000e+03
1.525743977326405321e-01 1.100239208440361605e+00 2.117000000000000000e+03
1.618551822053951594e-01 1.100239208440361605e+00 2.113000000000000000e+03
1.711711711711711714e-01 1.100239208440361605e+00 2.109000000000000000e+03
1.805225653206650738e-01 1.100239208440361605e+00 2.105000000000000000e+03
1.899095668729176567e-01 1.100239208440361605e+00 2.101000000000000000e+03
1.993323795898903072e-01 1.100239208440361605e+00 2.097000000000000000e+03
2.087912087912087988e-01 1.100239208440361605e+00 2.093000000000000000e+03
2.182862613690761122e-01 1.100239208440361605e+00 2.089000000000000000e+03
2.278177458033573133e-01 1.100239208440361605e+00 2.085000000000000000e+03
2.442857142857142727e-01 1.100239208440361605e+00 2.100000000000000000e+03
2.538167938931297773e-01 1.100239208440361605e+00 2.096000000000000000e+03
2.605200945626477416e-01 1.100239208440361605e+00 2.115000000000000000e+03
2.700142112742776046e-01 1.100239208440361605e+00 2.111000000000000000e+03
2.795443758898908393e-01 1.100239208440361605e+00 2.107000000000000000e+03
2.891107941036614171e-01 1.100239208440361605e+00 2.103000000000000000e+03
2.987136731777036425e-01 1.100239208440361605e+00 2.099000000000000000e+03
3.083532219570405686e-01 1.100239208440361605e+00 2.095000000000000000e+03
3.180296508847441639e-01 1.100239208440361605e+00 2.091000000000000000e+03
3.277431720172496177e-01 1.100239208440361605e+00 2.087000000000000000e+03
3.434823977164604969e-01 1.100239208440361605e+00 2.102000000000000000e+03
3.531935176358436679e-01 1.100239208440361605e+00 2.098000000000000000e+03
3.629417382999045039e-01 1.100239208440361605e+00 2.094000000000000000e+03
3.686701372456223647e-01 1.100239208440361605e+00 2.113000000000000000e+03
3.783783783783783994e-01 1.100239208440361605e+00 2.109000000000000000e+03
3.881235154394299114e-01 1.100239208440361605e+00 2.105000000000000000e+03
3.979057591623036405e-01 1.100239208440361605e+00 2.101000000000000000e+03
4.077253218884120400e-01 1.100239208440361605e+00 2.097000000000000000e+03
4.175824175824175977e-01 1.100239208440361605e+00 2.093000000000000000e+03
4.326375711574952376e-01 1.100239208440361605e+00 2.108000000000000000e+03
4.424904942965779409e-01 1.100239208440361605e+00 2.104000000000000000e+03
4.523809523809523836e-01 1.100239208440361605e+00 2.100000000000000000e+03
4.623091603053435250e-01 1.100239208440361605e+00 2.096000000000000000e+03
4.722753346080306169e-01 1.100239208440361605e+00 2.092000000000000000e+03
4.822796934865900553e-01 1.100239208440361605e+00 2.088000000000000000e+03
4.869482676791647147e-01 1.100239208440361605e+00 2.107000000000000000e+03
4.969091773656680866e-01 1.100239208440361605e+00 2.103000000000000000e+03
5.069080514530729387e-01 1.100239208440361605e+00 2.099000000000000000e+03
5.169451073985680267e-01 1.100239208440361605e+00 2.095000000000000000e+03
5.312796208530805586e-01 1.100239208440361605e+00 2.110000000000000000e+03
5.413105413105413488e-01 1.100239208440361605e+00 2.106000000000000000e+03
5.513796384395813766e-01 1.100239208440361605e+00 2.102000000000000000e+03
5.614871306005719820e-01 1.100239208440361605e+00 2.098000000000000000e+03
5.716332378223495381e-01 1.100239208440361605e+00 2.094000000000000000e+03
5.818181818181817899e-01 1.100239208440361605e+00 2.090000000000000000e+03
5.920421860019174920e-01 1.100239208440361605e+00 2.086000000000000000e+03
5.957244655581948045e-01 1.100239208440361605e+00 2.105000000000000000e+03
6.059019514516896798e-01 1.100239208440361605e+00 2.101000000000000000e+03
6.195652173913043237e-01 1.100239208440361605e+00 2.116000000000000000e+03
6.297348484848485084e-01 1.100239208440361605e+00 2.112000000000000000e+03
6.399430740037950205e-01 1.100239208440361605e+00 2.108000000000000000e+03
6.501901140684410718e-01 1.100239208440361605e+00 2.104000000000000000e+03
6.604761904761904390e-01 1.100239208440361605e+00 2.100000000000000000e+03
6.708015267175572172e-01 1.100239208440361605e+00 2.096000000000000000e+03
6.811663479923517617e-01 1.100239208440361605e+00 2.092000000000000000e+03
6.915708812260535909e-01 1.100239208440361605e+00 2.088000000000000000e+03
7.020153550863723613e-01 1.100239208440361605e+00 2.084000000000000000e+03
7.125000000000000222e-01 1.100239208440361605e+00 2.080000000000000000e+03
7.176581680830972365e-01 1.100239208440361605e+00 2.118000000000000000e+03
7.280037842951749827e-01 1.100239208440361605e+00 2.114000000000000000e+03
7.383886255924170250e-01 1.100239208440361605e+00 2.110000000000000000e+03
7.488129154795821751e-01 1.100239208440361605e+00 2.106000000000000000e+03
7.592768791627021452e-01 1.100239208440361605e+00 2.102000000000000000e+03
7.697807435653002406e-01 1.100239208440361605e+00 2.098000000000000000e+03
7.803247373447946833e-01 1.100239208440361605e+00 2.094000000000000000e+03
7.909090909090908950e-01 1.100239208440361605e+00 2.090000000000000000e+03
8.015340364333652934e-01 1.100239208440361605e+00 2.086000000000000000e+03
8.138981437410757191e-01 1.100239208440361605e+00 2.101000000000000000e+03
8.245112064854553946e-01 1.100239208440361605e+00 2.097000000000000000e+03
8.260869565217391353e-01 1.100239208440361605e+00 2.116000000000000000e+03
8.366477272727272929e-01 1.100239208440361605e+00 2.112000000000000000e+03
8.472485768500949144e-01 1.100239208440361605e+00 2.108000000000000000e+03
8.578897338403042028e-01 1.100239208440361605e+00 2.104000000000000000e+03
8.685714285714285499e-01 1.100239208440361605e+00 2.100000000000000000e+03
8.792938931297710203e-01 1.100239208440361605e+00 2.096000000000000000e+03
8.900573613766730174e-01 1.100239208440361605e+00 2.092000000000000000e+03
9.008620689655172376e-01 1.100239208440361605e+00 2.088000000000000000e+03
1.000000000000000056e-01 1.000000000000000000e+00 2.100000000000000000e+03
1.100000000000000006e-01 1.000000000000000000e+00 2.100000000000000000e+03
1.199999999999999956e-01 1.000000000000000000e+00 2.100000000000000000e+03
1.300000000000000044e-01 1.000000000000000000e+00 2.100000000000000000e+03
1.400000000000000133e-01 1.000000000000000000e+00 2.100000000000000000e+03
1.499999999999999944e-01 1.000000000000000000e+00 2.100000000000000000e+03
1.600000000000000033e-01 1.000000000000000000e+00 2.100000000000000000e+03
1.700000000000000122e-01 1.000000000000000000e+00 2.100000000000000000e+03
1.799999999999999933e-01 1.000000000000000000e+00 2.100000000000000000e+03
1.900000000000000022e-01 1.000000000000000000e+00 2.100000000000000000e+03
2.000000000000000111e-01 1.000000000000000000e+00 2.100000000000000000e+03
2.099999999999999922e-01 1.000000000000000000e+00 2.100000000000000000e+03
2.200000000000000011e-01 1.000000000000000000e+00 2.100000000000000000e+03
2.300000000000000100e-01 1.000000000000000000e+00 2.100000000000000000e+03
2.399999999999999911e-01 1.000000000000000000e+00 2.100000000000000000e+03
2.500000000000000000e-01 1.000000000000000000e+00 2.100000000000000000e+03
2.600000000000000089e-01 1.000000000000000000e+00 2.100000000000000000e+03
2.700000000000000178e-01 1.000000000000000000e+00 2.100000000000000000e+03
2.800000000000000266e-01 1.000000000000000000e+00 2.100000000000000000e+03
2.899999999999999800e-01 1.000000000000000000e+00 2.100000000000000000e+03
2.999999999999999889e-01 1.000000000000000000e+00 2.100000000000000000e+03
3.099999999999999978e-01 1.000000000000000000e+00 2.100000000000000000e+03
3.200000000000000067e-01 1.000000000000000000e+00 2.100000000000000000e+03
3.300000000000000155e-01 1.000000000000000000e+00 2.100000000000000000e+03
3.400000000000000244e-01 1.000000000000000000e+00 2.100000000000000000e+03
3.499999999999999778e-01 1.000000000000000000e+00 2.100000000000000000e+03
3.599999999999999867e-01 1.000000000000000000e+00 2.100000000000000000e+03
3.699999999999999956e-01 1.000000000000000000e+00 2.100000000000000000e+03
3.800000000000000044e-01 1.000000000000000000e+00 2.100000000000000000e+03
3.900000000000000133e-01 1.000000000000000000e+00 2.100000000000000000e+03
4.000000000000000222e-01 1.000000000000000000e+00 2.100000000000000000e+03
4.099999999999999756e-01 1.000000000000000000e+00 2.100000000000000000e+03
4.199999999999999845e-01 1.000000000000000000e+00 2.100000000000000000e+03
4.299999999999999933e-01 1.000000000000000000e+00 2.100000000000000000e+03
4.400000000000000022e-01 1.000000000000000000e+00 2.100000000000000000e+03
4.500000000000000111e-01 1.000000000000000000e+00 2.100000000000000000e+03
4.600000000000000200e-01 1.000000000000000000e+00 2.100000000000000000e+03
4.699999999999999734e-01 1.000000000000000000e+00 2.100000000000000000e+03
4.799999999999999822e-01 1.000000000000000000e+00 2.100000000000000000e+03
4.899999999999999911e-01 1.000000000000000000e+00 2.100000000000000000e+03
5.000000000000000000e-01 1.000000000000000000e+00 2.100000000000000000e+03
5.100000000000000089e-01 1.000000000000000000e+00 2.100000000000000000e+03
5.200000000000000178e-01 1.000000000000000000e+00 2.100000000000000000e+03
5.300000000000000266e-01 1.000000000000000000e+00 2.100000000000000000e+03
5.400000000000000355e-01 1.000000000000000000e+00 2.100000000000000000e+03
5.500000000000000444e-01 1.000000000000000000e+00 2.100000000000000000e+03
5.600000000000000533e-01 1.000000000000000000e+00 2.100000000000000000e+03
5.699999999999999512e-01 1.000000000000000000e+00 2.100000000000000000e+03
5.799999999999999600e-01 1.000000000000000000e+00 2.100000000000000000e+03
5.899999999999999689e-01 1.000000000000000000e+00 2.100000000000000000e+03
5.999999999999999778e-01 1.000000000000000000e+00 2.100000000000000000e+03
6.099999999999999867e-01 1.000000000000000000e+00 2.100000000000000000e+03
6.199999999999999956e-01 1.000000000000000000e+00 2.100000000000000000e+03
6.300000000000000044e-01 1.000000000000000000e+00 2.100000000000000000e+03
6.400000000000000133e-01 1.000000000000000000e+00 2.100000000000000000e+03
6.500000000000000222e-01 1.000000000000000000e+00 2.100000000000000000e+03
6.600000000000000311e-01 1.000000000000000000e+00 2.100000000000000000e+03
6.700000000000000400e-01 1.000000000000000000e+00 2.100000000000000000e+03
6.800000000000000488e-01 1.000000000000000000e+00 2.100000000000000000e+03
6.899999999999999467e-01 1.000000000000000000e+00 2.100000000000000000e+03
6.999999999999999556e-01 1.000000000000000000e+00 2.100000000000000000e+03
7.099999999999999645e-01 1.000000000000000000e+00 2.100000000000000000e+03
7.199999999999999734e-01 1.000000000000000000e+00 2.100000000000000000e+03
7.299999999999999822e-01 1.000000000000000000e+00 2.100000000000000000e+03
7.399999999999999911e-01 1.000000000000000000e+00 2.100000000000000000e+03
7.500000000000000000e-01 1.000000000000000000e+00 2.100000000000000000e+03
7.600000000000000089e-01 1.000000000000000000e+00 2.100000000000000000e+03
7.700000000000000178e-01 1.000000000000000000e+00 2.100000000000000000e+03
7.800000000000000266e-01 1.000000000000000000e+00 2.100000000000000000e+03
7.900000000000000355e-01 1.000000000000000000e+00 2.100000000000000000e+03
8.000000000000000444e-01 1.000000000000000000e+00 2.100000000000000000e+03
8.100000000000000533e-01 1.000000000000000000e+00 2.100000000000000000e+03
8.199999999999999512e-01 1.000000000000000000e+00 2.100000000000000000e+03
8.299999999999999600e-01 1.000000000000000000e+00 2.100000000000000000e+03
8.399999999999999689e-01 1.000000000000000000e+00 2.100000000000000000e+03
8.499999999999999778e-01 1.000000000000000000e+00 2.100000000000000000e+03
8.599999999999999867e-01 1.000000000000000000e+00 2.100000000000000000e+03
8.699999999999999956e-01 1.000000000000000000e+00 2.100000000000000000e+03
8.800000000000000044e-01 1.000000000000000000e+00 2.100000000000000000e+03
8.900000000000000133e-01 1.000000000000000000e+00 2.100000000000000000e+03
9.000000000000000222e-01 1.000000000000000000e+00 2.100000000000000000e+03
