# Format version 3
# nfields = 5
# NDim = 1
# PW grid = 128 
# k-space data = 0 , complex data = 0
# Columns: x fielddata
 0.0000     -1.120222307    -0.9253544263    -0.6710133552    -0.1971668827     0.8712637791 
 0.0709     -1.175681174    -0.8690771748    -0.6641336717    -0.2327479848     0.8546140327 
 0.1417     -1.222676302    -0.7980710454    -0.6494629529    -0.2687389219      0.797818395 
 0.2126     -1.263051318    -0.7104590619    -0.6268044961     -0.306354314     0.7108759312 
 0.2834     -1.298513589    -0.6045616143    -0.5959522016    -0.3466419322     0.5885179126 
 0.3543     -1.330369288    -0.4791488505     -0.556800115    -0.3904135728     0.4396591792 
 0.4251     -1.359586589     -0.333921563    -0.5095196479    -0.4381192563     0.2823654086 
 0.4960     -1.386954396     -0.170033841    -0.4547487545     -0.489713331     0.1263263821 
 0.5668     -1.412715059   0.009627550162    -0.3937114791    -0.5445717112   0.007710458268 
 0.6377     -1.437024023     0.2003006066    -0.3282617259     -0.601478382   -0.06302737729 
 0.7086     -1.459584675     0.3958100719    -0.2607379494    -0.6587559882   -0.06069731984 
 0.7794      -1.48015154     0.5893309337    -0.1936830637    -0.7145149778   0.004462490571 
 0.8503     -1.498252209      0.774425723    -0.1294891332    -0.7669512464     0.1296822085 
 0.9211     -1.513660293     0.9459181236   -0.07007662043    -0.8146229559     0.2858997525 
 0.9920     -1.526200448       1.10039968   -0.01672193656     -0.856594763     0.4509958875 
 1.0628     -1.535834849      1.236280354    0.02996194211    -0.8924596493     0.6081894948 
 1.1337      -1.54277582      1.353518584    0.06993175801     -0.922268055     0.7371026143 
 1.2045     -1.547177881      1.453130519     0.1035306347    -0.9463780732     0.8390031339 
 1.2754     -1.549375564      1.536780213     0.1313479219    -0.9653478564     0.9093094383 
 1.3463     -1.549695927      1.606391089      0.154075366    -0.9798192902     0.9490598946 
 1.4171     -1.548371832       1.66388016     0.1724097526    -0.9904408445     0.9716648798 
 1.4880     -1.545861908      1.711093346       0.18703702    -0.9978601108     0.9670962524 
 1.5588     -1.542293275      1.749600415     0.1985450725     -1.002649307     0.9579376298 
 1.6297     -1.538133351      1.780844443     0.2074921025     -1.005367348     0.9304408784 
 1.7005     -1.533530174       1.80597248     0.2143297886     -1.006491873     0.9024773263 
 1.7714     -1.528846996      1.825996121     0.2194712849     -1.006476561     0.8678771349 
 1.8423     -1.524319519      1.841717846      0.223255315     -1.005716691     0.8328893987 
 1.9131     -1.520178247      1.853785869     0.2259660738     -1.004561532     0.8010132787 
 1.9840      -1.51668096      1.862723315     0.2278414186     -1.003315312     0.7717168522 
 2.0548     -1.513993702      1.868910254      0.229060917     -1.002220663     0.7488993043 
 2.1257     -1.512252846      1.872615543       0.22975547     -1.001460155     0.7352099261 
 2.1965     -1.511591122      1.874015216     0.2300117689     -1.001154231     0.7281872335 
 2.2674     -1.512000461      1.873158041     0.2298554537     -1.001343391     0.7322459736 
 2.3382     -1.513475924      1.870011185     0.2292695331       -1.0020017     0.7457636991 
 2.4091     -1.515968132      1.864444328      0.228188238     -1.003032763      0.764744999 
 2.4800     -1.519274079      1.856191549     0.2264827936     -1.004261422     0.7938100432 
 2.5508      -1.52327691      1.844913013     0.2239907209     -1.005463343     0.8255523542 
 2.6217     -1.527750385      1.830123934     0.2204895027     -1.006349621     0.8586006128 
 2.6925     -1.532403612       1.81119215     0.2156996675     -1.006575818     0.8949028996 
 2.7634     -1.537052828      1.787368529     0.2093022443     -1.005762864     0.9245666375 
 2.8342     -1.541359541      1.757691503     0.2009015901     -1.003470497     0.9511238232 
 2.9051     -1.545073271      1.721034678     0.1900497271     -0.999221718     0.9670638237 
 2.9759     -1.547880365      1.676046885     0.1762231571    -0.9924851095     0.9717747049 
 3.0468     -1.549521163      1.621175179     0.1588349766    -0.9826862197     0.9554883145 
 3.1177     -1.549593377      1.554629906      0.137218591     -0.969192065      0.923160033 
 3.1885     -1.547917499      1.474526227     0.1106877926    -0.9513621815        0.8562359 
 3.2594     -1.544027394      1.378889735    0.07852681003    -0.9285329673     0.7660791599 
 3.3302     -1.537740382      1.265995477    0.04012598733    -0.9001317267     0.6410863878 
 3.4011     -1.528772077      1.134618695  -0.004938095886    -0.8657343062     0.4892967795 
 3.4719     -1.516903708     0.9845029276   -0.05673122196    -0.8252031811     0.3273604944 
 3.5428     -1.502217341     0.8168432643    -0.1147826421    -0.7788328724     0.1627783718 
 3.6136     -1.484702358     0.6345915826    -0.1779866329    -0.7274208278    0.03147536665 
 3.6845     -1.464707435     0.4425346372    -0.2445613073    -0.6723027514   -0.05136325801 
 3.7554     -1.442592354     0.2468780242    -0.3122044014    -0.6152147941   -0.06935457693 
 3.8262     -1.418661887    0.05444664306    -0.3783764297    -0.5580537085   -0.01420325698 
 3.8971     -1.393250161    -0.1283453421    -0.4406594393    -0.5025744414    0.09401772343 
 3.9679      -1.36628876     -0.296342644     -0.497065249    -0.4501194521     0.2433737476 
 4.0388     -1.337560735    -0.4461975271    -0.5462153516    -0.4014591976     0.4027553991 
 4.1096     -1.306420852    -0.5763706304    -0.5873422239    -0.3567706848     0.5546601366 
 4.1805     -1.271927156    -0.6868507458    -0.6201774553    -0.3157121857     0.6845540713 
 4.2513     -1.232865973    -0.7786932074    -0.6447781351    -0.2775459776     0.7802467425 
 4.3222     -1.187622736    -0.8535057204    -0.6613399903    -0.2412713144     0.8435591755 
 4.3931     -1.134362118    -0.9131328429    -0.6700691853    -0.2057096906     0.8720335478 
 4.4639     -1.070950632    -0.9593829863    -0.6710794675    -0.1695708106     0.8613186373 
 4.5348    -0.9948047991    -0.9938230424    -0.6643223332    -0.1315042157     0.8215924216 
 4.6056    -0.9032658992     -1.017857524    -0.6496010062   -0.09008869971     0.7395323639 
 4.6765    -0.7932851562     -1.032559768    -0.6265504624   -0.04390509957     0.6191995764 
 4.7473    -0.6618070778       -1.0387878    -0.5947132759   0.008425874627     0.4617505038 
 4.8182    -0.5061669878     -1.037287268    -0.5536498016    0.06815453165     0.2566824517 
 4.8891    -0.3242419992     -1.028618468    -0.5030687655     0.1361824173    0.02256558056 
 4.9599    -0.1154664751     -1.013445585    -0.4430616558     0.2129104244    -0.2359600133 
 5.0308     0.1187289284    -0.9925313557    -0.3743007537     0.2979647439    -0.4999767326 
 5.1016     0.3744310657    -0.9668051965    -0.2982056378     0.3900091743    -0.7343250796 
 5.1725      0.644964692    -0.9375235542    -0.2169741342     0.4868008136    -0.9274893543 
 5.2433     0.9217516911    -0.9060322184     -0.133411867     0.5852898106     -1.049303437 
 5.3142      1.195216828    -0.8738041528   -0.05057623403     0.6821405096     -1.104437302 
 5.3850       1.45638313    -0.8421491687    0.02865319616     0.7741594574     -1.095126192 
 5.4559      1.698014553    -0.8121547177     0.1019701752     0.8588127553     -1.045153121 
 5.5268      1.915387101    -0.7845422891     0.1678479323     0.9344288116    -0.9744232755 
 5.5976      2.106331347    -0.7596918447     0.2255656918      1.000250689    -0.8993048954 
 5.6685      2.270808861    -0.7377312163     0.2750948428      1.056331516    -0.8424542674 
 5.7393      2.410324665    -0.7185113589      0.316856545      1.103182349    -0.7962503564 
 5.8102      2.527226844    -0.7018547771     0.3515939447      1.141743225    -0.7783954851 
 5.8810      2.624254051    -0.6874403717     0.3801296567       1.17297664     -0.772607613 
 5.9519      2.704153306     -0.675013543     0.4033378728      1.197954906    -0.7869286508 
 6.0227      2.769499136    -0.6642898919     0.4220174687      1.217625972    -0.8103087967 
 6.0936      2.822590377    -0.6550504536     0.4369054447      1.232889525     -0.843852672 
 6.1645      2.865421722    -0.6470983819      0.448639639      1.244519353    -0.8807809324 
 6.2353      2.899691606    -0.6402985491      0.457783377      1.253221625    -0.9238102659 
 6.3062       2.92681882    -0.6345185229     0.4647970565      1.259560072     -0.963570007 
 6.3770      2.947978986    -0.6296987239     0.4700916872      1.264072865     -1.004281898 
 6.4479      2.964121756    -0.6257800325     0.4739934594      1.267179871     -1.041922255 
 6.5187       2.97599598     -0.622719415     0.4767619899      1.269217559     -1.071123384 
 6.5896      2.984175444    -0.6205206542     0.4786174561       1.27049537     -1.096928502 
 6.6604      2.989058863    -0.6191581664     0.4796968034      1.271188972     -1.111699932 
 6.7313      2.990892546    -0.6186376087     0.4800969728      1.271436942     -1.118033735 
 6.8022      2.989768775    -0.6189561239     0.4798514388      1.271284261     -1.113665771 
 6.8730      2.985631967    -0.6201202918     0.4789428237      1.270710631     -1.102055129 
 6.9439      2.978270425     -0.622113718     0.4772811928      1.269580804      -1.07697447 
 7.0147      2.967326456    -0.6249728903     0.4747514335       1.26775611     -1.050570192 
 7.0856      2.952264845     -0.628678391      0.471139017      1.264925636     -1.012762033 
 7.1564      2.932384095    -0.6332826181     0.4662076133      1.260791036    -0.9739371344 
 7.2273       2.90678204     -0.638826396     0.4596384442      1.254931861    -0.9336524011 
 7.2981       2.87433961    -0.6453697696     0.4510420293      1.246840324    -0.8899620414 
 7.3690      2.833700373    -0.6530405771     0.4399786961      1.235978942    -0.8533736173 
 7.4399      2.783232895    -0.6619512278     0.4258970536      1.221644698    -0.8171417366 
 7.5107      2.721016178    -0.6723011657     0.4081880351      1.203105678    -0.7911746065 
 7.5816      2.644822453    -0.6843027673     0.3861368515      1.179489447    -0.7760458473 
 7.6524      2.552139219    -0.6982070946     0.3589476165      1.149832559    -0.7736532301 
 7.7233      2.440242385    -0.7143116245     0.3257775002      1.113132512    -0.7920861059 
 7.7941         2.306375    -0.7328835956     0.2857632418      1.068338392    -0.8277498109 
 7.8650      2.148041988    -0.7541828804     0.2381496056      1.014543228    -0.8854738459 
 7.9359      1.963496814     -0.778337449     0.1824067908     0.9510726327     -0.955803094 
 8.0067      1.752339445    -0.8053098357     0.1184429653      0.877760505     -1.028207822 
 8.0776      1.516170915    -0.8347982896    0.04680097505     0.7951635251     -1.088210496 
 8.1484      1.259120076    -0.8661277189   -0.03119999398     0.7046928738     -1.105117287 
 8.2193     0.9878131317    -0.8983446063    -0.1134169168      0.608736322     -1.070634063 
 8.2901      0.710963848    -0.9301308371    -0.1970852833     0.5103238112    -0.9615135021 
 8.3610     0.4380791166     -0.960080784    -0.2791457227     0.4128360104    -0.7869874045 
 8.4318     0.1781510387    -0.9867676977    -0.3566962186     0.3194117272      -0.55821255 
 8.5027   -0.06166115862     -1.008934923    -0.4273712322     0.2325308024    -0.2999908083 
 8.5736    -0.2767404713     -1.025559162    -0.4895596548     0.1537448691   -0.03857853286 
 8.6444    -0.4650815981     -1.035836304     -0.542420734    0.08364310736     0.2047522072 
 8.7153     -0.626885925      -1.03911557    -0.5857468311    0.02200038751     0.4152464054 
 8.7861     -0.763898732     -1.034789513     -0.619752215   -0.03199796298     0.5855272253 
 8.8570    -0.8787440379     -1.022183287    -0.6448607415   -0.07953034327     0.7152334209 
 8.9278    -0.9744373655     -1.000480535    -0.6615386835    -0.1219544303     0.8039440125 
 8.9987     -1.053975579     -0.968631784    -0.6701731079    -0.1606954098     0.8567052586 
